0.385331   0.294591   4.57434   -0.0137304   -0.248387   0.491802   0.426302   5.37231   -0.0179588   -0.245226   0.385331   0.294591   1.43275   0.0137304   0.248387   0.305239   0.305222   6.13519   -0.00422831   0.00316108   0.491802   0.426302   2.23072   0.0179588   0.245226   0.305239   0.305222   2.9936   0.00422831   -0.00316108   
0.432859   0.330868   5.27298   -0.0186139   -0.279093   0.805128   0.755877   5.78159   -0.0218514   -0.277274   0.432859   0.330868   2.13138   0.0186139   0.279093   0.493912   0.493909   6.11388   -0.00323753   0.00181888   0.805128   0.755877   2.63999   0.0218514   0.277274   0.493912   0.493909   2.97229   0.00323753   -0.00181888   
0.450381   0.39129   5.36358   -0.0117355   -0.223013   0.682532   0.645469   5.85417   -0.0192113   -0.221854   0.450381   0.39129   2.22199   0.0117355   0.223013   0.352401   0.352399   0.121524   -0.00747578   0.00115946   0.682532   0.645469   2.71258   0.0192113   0.221854   0.352401   0.352399   3.26312   0.00747578   -0.00115946   
0.466693   0.37388   4.95084   -0.0247833   -0.279313   0.547315   0.476912   5.77471   -0.0258971   -0.268531   0.466693   0.37388   1.80924   0.0247833   0.279313   0.353651   0.353487   0.380013   -0.00111379   0.0107827   0.547315   0.476912   2.63312   0.0258971   0.268531   0.353651   0.353487   3.52161   0.00111379   -0.0107827   
0.420578   0.344928   5.11655   -0.022339   -0.240646   0.528711   0.472628   4.87963   -0.0235963   -0.236976   0.420578   0.344928   1.97496   0.022339   0.240646   0.159465   0.159423   4.34696   -0.00125733   0.00367005   0.528711   0.472628   1.73803   0.0235963   0.236976   0.159465   0.159423   1.20537   0.00125733   -0.00367005   
0.385705   0.277131   5.24589   -0.0197757   -0.268266   0.605882   0.543774   6.00156   -0.0236532   -0.267213   0.385705   0.277131   2.1043   0.0197757   0.268266   0.391326   0.391324   0.225497   -0.00387756   0.00105347   0.605882   0.543774   2.85997   0.0236532   0.267213   0.391326   0.391324   3.36709   0.00387756   -0.00105347   
0.487407   0.387557   5.52121   -0.0299988   -0.295576   0.686179   0.614693   5.88487   -0.0336   -0.30495   0.487407   0.387557   2.37962   0.0299988   0.295576   0.287815   0.287663   0.101437   -0.00360113   -0.00937366   0.686179   0.614693   2.74327   0.0336   0.30495   0.287815   0.287663   3.24303   0.00360113   0.00937366   
0.42913   0.347168   4.68007   -0.0119788   -0.252243   0.563131   0.505863   5.34813   -0.0155233   -0.247427   0.42913   0.347168   1.53848   0.0119788   0.252243   0.317354   0.317318   6.09281   -0.00354456   0.00481677   0.563131   0.505863   2.20654   0.0155233   0.247427   0.317354   0.317318   2.95121   0.00354456   -0.00481677   
0.311419   0.134957   5.31701   -0.0199519   -0.280657   0.479001   0.402787   5.6276   -0.0212415   -0.259237   0.311419   0.134957   2.17542   0.0199519   0.280657   0.278197   0.277371   5.77685   -0.00128962   0.0214196   0.479001   0.402787   2.486   0.0212415   0.259237   0.278197   0.277371   2.63526   0.00128962   -0.0214196   
0.394224   0.270106   5.5113   -0.0202105   -0.28715   0.624311   0.554117   5.87003   -0.0239359   -0.287609   0.394224   0.270106   2.36971   0.0202105   0.28715   0.31578   0.31578   6.17504   -0.0037254   -0.00045914   0.624311   0.554117   2.72844   0.0239359   0.287609   0.31578   0.31578   3.03345   0.0037254   0.00045914   
0.317318   0.170435   5.5458   -0.0226845   -0.267661   0.543883   0.484933   5.7954   -0.0234298   -0.24627   0.317318   0.170435   2.4042   0.0226845   0.267661   0.323248   0.322539   5.9263   -0.000745299   0.0213916   0.543883   0.484933   2.65381   0.0234298   0.24627   0.323248   0.322539   2.78471   0.000745299   -0.0213916   
0.353141   0.252342   4.54608   -0.0101777   -0.247046   0.500723   0.430811   5.36647   -0.0151097   -0.255196   0.353141   0.252342   1.40449   0.0101777   0.247046   0.31792   0.317815   5.98611   -0.00493201   -0.00814989   0.500723   0.430811   2.22488   0.0151097   0.255196   0.31792   0.317815   2.84451   0.00493201   0.00814989   
0.320401   0.143275   5.4833   -0.0162872   -0.286582   0.529283   0.450949   5.85647   -0.0179385   -0.277103   0.320401   0.143275   2.3417   0.0162872   0.286582   0.321941   0.321802   6.01951   -0.00165135   0.00947871   0.529283   0.450949   2.71488   0.0179385   0.277103   0.321941   0.321802   2.87792   0.00165135   -0.00947871   
0.457299   0.401919   5.49526   -0.00863262   -0.218136   0.723814   0.688276   5.85254   -0.0187147   -0.224016   0.457299   0.401919   2.35367   0.00863262   0.218136   0.342011   0.34196   6.27614   -0.0100821   -0.00587995   0.723814   0.688276   2.71095   0.0187147   0.224016   0.342011   0.34196   3.13454   0.0100821   0.00587995   
0.397084   0.340324   4.946   -0.0292284   -0.204586   0.522069   0.48699   4.63146   -0.0304387   -0.18814   0.397084   0.340324   1.80441   0.0292284   0.204586   0.195049   0.194354   4.05895   -0.00121023   0.0164455   0.522069   0.48699   1.48987   0.0304387   0.18814   0.195049   0.194354   0.917353   0.00121023   -0.0164455   
0.421097   0.314166   5.08018   -0.0507497   -0.280398   0.551992   0.48119   4.80121   -0.0523183   -0.270464   0.421097   0.314166   1.93858   0.0507497   0.280398   0.199209   0.198961   4.3514   -0.0015686   0.0099333   0.551992   0.48119   1.65962   0.0523183   0.270464   0.199209   0.198961   1.2098   0.0015686   -0.0099333   
0.328852   0.151174   5.31667   -0.0186689   -0.292045   0.556343   0.478582   5.57582   -0.0202813   -0.283685   0.328852   0.151174   2.17508   0.0186689   0.292045   0.33481   0.334706   5.69183   -0.00161242   0.00836037   0.556343   0.478582   2.43423   0.0202813   0.283685   0.33481   0.334706   2.55023   0.00161242   -0.00836037   
0.311126   0.134361   5.29365   -0.0202809   -0.280617   0.506191   0.426769   5.56481   -0.021429   -0.272208   0.311126   0.134361   2.15205   0.0202809   0.280617   0.299606   0.299488   5.68527   -0.00114808   0.00840925   0.506191   0.426769   2.42322   0.021429   0.272208   0.299606   0.299488   2.54368   0.00114808   -0.00840925   
0.405491   0.332896   4.98257   -0.0259575   -0.231523   0.525147   0.471366   4.63246   -0.0280459   -0.231501   0.405491   0.332896   1.84098   0.0259575   0.231523   0.195481   0.195481   4.00866   -0.00208839   2.22996e-05   0.525147   0.471366   1.49086   0.0280459   0.231501   0.195481   0.195481   0.867069   0.00208839   -2.22996e-05   
0.439746   0.362816   4.66355   -0.00779166   -0.248476   0.561981   0.502203   5.29605   -0.01164   -0.252221   0.439746   0.362816   1.52196   0.00779166   0.248476   0.299896   0.299873   6.09303   -0.00384832   -0.00374473   0.561981   0.502203   2.15446   0.01164   0.252221   0.299896   0.299873   2.95144   0.00384832   0.00374473   
0.410055   0.304028   5.5356   -0.0249867   -0.275159   0.660103   0.600128   6.01862   -0.0285465   -0.274923   0.410055   0.304028   2.39401   0.0249867   0.275159   0.359752   0.359752   0.138792   -0.00355977   0.000235885   0.660103   0.600128   2.87703   0.0285465   0.274923   0.359752   0.359752   3.28038   0.00355977   -0.000235885   
0.440999   0.359689   4.56365   -0.0125438   -0.255155   0.558843   0.496209   5.24116   -0.015838   -0.257065   0.440999   0.359689   1.42206   0.0125438   0.255155   0.31222   0.312214   6.0481   -0.00329421   -0.00191038   0.558843   0.496209   2.09957   0.015838   0.257065   0.31222   0.312214   2.90651   0.00329421   0.00191038   
0.43292   0.330756   5.7021   -0.0182974   -0.27932   0.664244   0.601638   6.00049   -0.022132   -0.281516   0.43292   0.330756   2.56051   0.0182974   0.27932   0.30161   0.301602   0.0455663   -0.00383465   -0.00219559   0.664244   0.601638   2.8589   0.022132   0.281516   0.30161   0.301602   3.18716   0.00383465   0.00219559   
0.365035   0.228506   4.23419   -0.00627087   -0.284667   0.489469   0.397796   5.35032   -0.00967446   -0.285197   0.365035   0.228506   1.0926   0.00627087   0.284667   0.361411   0.361411   5.95443   -0.00340359   -0.000530124   0.489469   0.397796   2.20873   0.00967446   0.285197   0.361411   0.361411   2.81283   0.00340359   0.000530124   
0.459017   0.400732   5.4056   -0.00645614   -0.223854   0.689785   0.653463   5.82298   -0.0132789   -0.220884   0.459017   0.400732   2.26401   0.00645614   0.223854   0.329913   0.3299   0.0546556   -0.00682278   0.00296983   0.689785   0.653463   2.68139   0.0132789   0.220884   0.329913   0.3299   3.19625   0.00682278   -0.00296983   
0.381439   0.314361   5.36028   -0.00455184   -0.21604   0.618362   0.580199   5.93211   -0.012842   -0.213871   0.381439   0.314361   2.21869   0.00455184   0.21604   0.358759   0.358752   0.142996   -0.00829018   0.00216847   0.618362   0.580199   2.79052   0.012842   0.213871   0.358759   0.358752   3.28459   0.00829018   -0.00216847   
0.309547   0.204597   4.24034   -0.00973179   -0.232293   0.491636   0.429047   5.33387   -0.0132981   -0.240051   0.309547   0.204597   1.09874   0.00973179   0.232293   0.381256   0.381177   5.83084   -0.00356631   -0.00775822   0.491636   0.429047   2.19227   0.0132981   0.240051   0.381256   0.381177   2.68925   0.00356631   0.00775822   
0.4591   0.414819   5.37929   -0.0237061   -0.196717   0.703404   0.675878   5.78926   -0.0297692   -0.19485   0.4591   0.414819   2.23769   0.0237061   0.196717   0.338558   0.338553   0.0162925   -0.00606308   0.00186704   0.703404   0.675878   2.64766   0.0297692   0.19485   0.338558   0.338553   3.15789   0.00606308   -0.00186704   
0.433331   0.326304   5.06768   -0.0313172   -0.285134   0.532289   0.454085   4.84431   -0.0323744   -0.277737   0.433331   0.326304   1.92609   0.0313172   0.285134   0.154094   0.153916   4.35546   -0.00105716   0.00739699   0.532289   0.454085   1.70272   0.0323744   0.277737   0.154094   0.153916   1.21386   0.00105716   -0.00739699   
0.301688   0.12989   5.55901   -0.0263627   -0.272294   0.535559   0.467783   5.82946   -0.0273884   -0.260772   0.301688   0.12989   2.41742   0.0263627   0.272294   0.34456   0.344368   5.9304   -0.00102567   0.0115222   0.535559   0.467783   2.68786   0.0273884   0.260772   0.34456   0.344368   2.7888   0.00102567   -0.0115222   
0.342374   0.24671   4.80043   -0.0304305   -0.237391   0.510512   0.454032   4.8068   -0.0318089   -0.233404   0.342374   0.24671   1.65883   0.0304305   0.237391   0.207372   0.207333   4.81439   -0.0013784   0.00398684   0.510512   0.454032   1.66521   0.0318089   0.233404   0.207372   0.207333   1.6728   0.0013784   -0.00398684   
0.4161   0.303085   5.74607   -0.0155548   -0.285094   0.731046   0.673515   5.86486   -0.0176214   -0.284264   0.4161   0.303085   2.60448   0.0155548   0.285094   0.374294   0.374293   5.96097   -0.00206659   0.00083017   0.731046   0.673515   2.72327   0.0176214   0.284264   0.374294   0.374293   2.81938   0.00206659   -0.00083017   
0.489878   0.370704   5.53978   -0.0130019   -0.320249   0.704333   0.624992   5.93046   -0.0180932   -0.324762   0.489878   0.370704   2.39819   0.0130019   0.320249   0.315593   0.31556   0.111098   -0.00509128   -0.00451289   0.704333   0.624992   2.78887   0.0180932   0.324762   0.315593   0.31556   3.25269   0.00509128   0.00451289   
0.455273   0.399625   5.43217   -0.00748683   -0.218113   0.717628   0.681814   5.82844   -0.0160249   -0.223875   0.455273   0.399625   2.29058   0.00748683   0.218113   0.349129   0.349082   0.00292498   -0.00853804   -0.00576235   0.717628   0.681814   2.68685   0.0160249   0.223875   0.349129   0.349082   3.14452   0.00853804   0.00576235
