


Object : 0
The feature matrix dim is [9 x 33]


The feature matrix N ROWS is 33

The features are 
[0.43705153465271, 0.5742418766021729, 0.2749999761581421, 2.494532585144043, 0.9202333092689514, 0.01835820451378822, 0.5601030588150024, 0.08943110704421997, 0.4699999988079071;
  0.3440533876419067, 0.4638696908950806, 0.3006488084793091, 3.02091383934021, 0.9326267242431641, 0.02218759804964066, 0.6041164994239807, 0.3777393400669098, 0.4812976121902466;
  0.3739170134067535, 0.6459388136863708, 0.2512152194976807, 2.402037382125854, 1.046055674552917, 0.01971414871513844, 0.6213285326957703, 0.2158776521682739, 0.4424304068088531;
  0.72198885679245, 0.4970029592514038, 0.2934585809707642, 1.329421639442444, 0.6028848886489868, 0.02626889571547508, 0.5509735345840454, 0.1320059299468994, 0.4669171571731567;
  1.072579860687256, 0.5875025391578674, 0.2542406618595123, 0.5825843811035156, 0.5011119246482849, 0.02381487935781479, 0.4271596074104309, 0.1190053224563599, 0.4684813022613525;
  0.3429643213748932, 0.4824349880218506, 0.3208659887313843, 2.896338939666748, 0.9527905583381653, 0.03386575728654861, 0.5823312997817993, 0.4648699760437012, 0.521731972694397;
  0.4172681868076324, 0.5529550313949585, 0.2751474678516388, 2.538907051086426, 0.9243481159210205, 0.01580272056162357, 0.5540241003036499, 0.06991004943847656, 0.4502949118614197;
  0.7176548838615417, 0.5035388469696045, 0.2858366668224335, 1.823476672172546, 0.6118290424346924, 0.0216056052595377, 0.5438541173934937, 0.09907776117324829, 0.471673309803009;
  0.2311738580465317, 0.462104856967926, 0.3102911710739136, 2.939336776733398, 1.106938481330872, 0.02427524328231812, 0.5433796644210815, 0.4342097640037537, 0.5405822992324829;
  0.7520310282707214, 0.528376579284668, 0.2701961994171143, 1.46159291267395, 0.6124684810638428, 0.02378951944410801, 0.5340619087219238, 0.09675347805023193, 0.4603923857212067;
  0.4297029972076416, 0.551006555557251, 0.2750000059604645, 2.50948429107666, 0.9084627032279968, 0.01543482858687639, 0.5734059810638428, 0.0799139142036438, 0.449999988079071;
  0.6244881153106689, 0.4966124594211578, 0.3066403567790985, 2.216262578964233, 0.6718263626098633, 0.01848415471613407, 0.5389761924743652, 0.08199667930603027, 0.4732807278633118;
  0.3765610754489899, 0.6453310251235962, 0.2529463469982147, 2.414518356323242, 1.042585492134094, 0.01911972090601921, 0.6032413244247437, 0.2326620221138, 0.4498926997184753;
  1.191253662109375, 0.600481390953064, 0.2111721038818359, 0.5588186383247375, 0.4669024348258972, 0.03067003004252911, 0.5426630973815918, 0.1749627590179443, 0.4423441886901855;
  1.210000038146973, 0.5801161527633667, 0.2904643416404724, 0.4779790341854095, 0.4470605254173279, 0.05274156853556633, 0.5799999833106995, 0.2062323093414307, 0.4409286975860596;
  0.5472574234008789, 0.5460327863693237, 0.3102602660655975, 2.143550872802734, 0.7842780351638794, 0.02061908505856991, 0.5425148010253906, 0.1045108735561371, 0.5005205273628235;
  0.7362748384475708, 0.4982643723487854, 0.2993202805519104, 1.339689612388611, 0.5949419736862183, 0.02178548462688923, 0.5261760354042053, 0.09852874279022217, 0.5186405777931213;
  1.200423121452332, 0.5899367332458496, 0.2492536455392838, 0.5338425636291504, 0.4567767083644867, 0.02837010100483894, 0.5385087132453918, 0.1518734693527222, 0.4585072994232178;
  0.4208683669567108, 0.5576505661010742, 0.2749999761581421, 2.408803224563599, 0.9242831468582153, 0.01195298135280609, 0.565736711025238, 0.0530250072479248, 0.4899999797344208;
  0.3410748839378357, 0.4542030692100525, 0.2976627349853516, 3.006340265274048, 0.9267000555992126, 0.02886017039418221, 0.6260373592376709, 0.4224060475826263, 0.5153254866600037;
  0.4817750155925751, 0.5513192415237427, 0.2801550924777985, 2.073036193847656, 0.8526132106781006, 0.01617957092821598, 0.5655500888824463, 0.1086832880973816, 0.4803102314472198;
  0.3519599139690399, 0.4569178819656372, 0.3039512634277344, 2.980647563934326, 0.9144347310066223, 0.02245694398880005, 0.5389513969421387, 0.4678357839584351, 0.5479025840759277;
  0.4559472799301147, 0.5706021189689636, 0.3044332563877106, 2.264586925506592, 0.8966267108917236, 0.009993232786655426, 0.5498945713043213, 0.05637282133102417, 0.3888664841651917;
  0.2760056853294373, 0.6359313726425171, 0.2486401349306107, 2.493910551071167, 1.161312103271484, 0.0137039003893733, 0.572836697101593, 0.2138627767562866, 0.4372802972793579;
  0.3396037817001343, 0.6328529715538025, 0.2448597550392151, 2.452803134918213, 1.078280925750732, 0.01333109568804502, 0.5432641506195068, 0.217706024646759, 0.4297195076942444;
  0.4964925944805145, 0.5545305609703064, 0.2602396309375763, 1.836845278739929, 0.8405625820159912, 0.01361479237675667, 0.5509851574897766, 0.08251792192459106, 0.4604792892932892;
  0.4058932363986969, 0.6521146297454834, 0.2208230048418045, 2.379982709884644, 1.014050006866455, 0.03014880605041981, 0.6417133808135986, 0.2402291893959045, 0.441646009683609;
  1.160910367965698, 0.5711538791656494, 0.2994357049465179, 0.4760717451572418, 0.4572174251079559, 0.03265237063169479, 0.5100529193878174, 0.1463077366352081, 0.438871443271637;
  0.7562124729156494, 0.5101955533027649, 0.2878320217132568, 1.526180148124695, 0.5935244560241699, 0.02782691083848476, 0.5824248790740967, 0.09639143943786621, 0.4956640303134918;
  1.069046139717102, 0.5796933174133301, 0.252476692199707, 0.5415939092636108, 0.4968758523464203, 0.03208299353718758, 0.5942481160163879, 0.1373866200447083, 0.4649533927440643;
  0.3357613682746887, 0.4517492651939392, 0.3084708452224731, 2.984356641769409, 0.9316310286521912, 0.01799899898469448, 0.5715704560279846, 0.3974985182285309, 0.5369417071342468;
  0.3272040188312531, 0.4486567676067352, 0.3499999940395355, 2.881576538085938, 0.9406773447990417, 0.01849448494613171, 0.5276893377304077, 0.5113134980201721, 0.4200000166893005;
  0.367471843957901, 0.6453736424446106, 0.2484537959098816, 2.424981594085693, 1.053185343742371, 0.01629559323191643, 0.6032779812812805, 0.220747172832489, 0.4369075894355774]
The feature dimensionality for training is now : [1 x 33]
The features are [0.01835820451378822; 0.02218759804964066; 0.01971414871513844; 0.02626889571547508; 0.02381487935781479; 0.03386575728654861; 0.01580272056162357; 0.0216056052595377; 0.02427524328231812; 0.02378951944410801; 0.01543482858687639; 0.01848415471613407; 0.01911972090601921; 0.03067003004252911; 0.05274156853556633; 0.02061908505856991; 0.02178548462688923; 0.02837010100483894; 0.01195298135280609; 0.02886017039418221; 0.01617957092821598; 0.02245694398880005; 0.009993232786655426; 0.0137039003893733; 0.01333109568804502; 0.01361479237675667; 0.03014880605041981; 0.03265237063169479; 0.02782691083848476; 0.03208299353718758; 0.01799899898469448; 0.01849448494613171; 0.01629559323191643]


Object : 1
The feature matrix dim is [9 x 33]


The feature matrix N ROWS is 33

The features are 
[0.3965131640434265, 0.2824530899524689, 0.02661268040537834, 3.344809532165527, 0.6189614534378052, 0.004627757705748081, 0.46444171667099, 0.1949062347412109, 0.05322536081075668;
  0.5199704766273499, 0.1836429238319397, 0.02155604027211666, 3.981001377105713, 0.3395045399665833, 0.003573685185983777, 0.4841814637184143, 0.3226858377456665, 0.04311208054423332;
  0.611091136932373, 0.3347209095954895, 0.02820185944437981, 4.205597400665283, 0.5011087656021118, 0.007978634908795357, 0.4932647049427032, 0.3014417290687561, 0.05640371888875961;
  0.8102976083755493, 0.1337015330791473, 0.01414532959461212, 5.178260326385498, 0.1635295450687408, 0.001485566608607769, 0.4241883754730225, 0.1446030735969543, 0.02829065918922424;
  1.208221912384033, 0.2703648209571838, 0.0135946748778224, 6.05889892578125, 0.22014419734478, 0.001475927187129855, 0.4164438247680664, 0.1536537110805511, 0.0271893497556448;
  0.62335205078125, 0.2148848325014114, 0.02528972923755646, 4.251011848449707, 0.3319675028324127, 0.0038669363129884, 0.478942334651947, 0.317369669675827, 0.05057945847511292;
  0.4060514569282532, 0.20596843957901, 0.02290417067706585, 3.447021007537842, 0.4694285094738007, 0.003823951119557023, 0.4541507959365845, 0.2059368938207626, 0.0458083413541317;
  0.7943710088729858, 0.3925075531005859, 0.005179670639336109, 0.2390493452548981, 0.4589254260063171, 0.001653751824051142, 0.4350478053092957, 0.2290151715278625, 0.03035934083163738;
  0.424731433391571, 0.2737093269824982, 0.02314146049320698, 3.63566517829895, 0.5724490284919739, 0.004064776469022036, 0.4947654604911804, 0.3838186860084534, 0.04628292098641396;
  0.8781917095184326, 0.4137834012508392, 0.002534770406782627, 0.2705426812171936, 0.4403241872787476, 0.001104988157749176, 0.4138288497924805, 0.1135668754577637, 0.02506954036653042;
  0.38792884349823, 0.3021458685398102, 0.02795390412211418, 3.342778444290161, 0.6617229580879211, 0.005257134325802326, 0.4564642906188965, 0.2222917228937149, 0.05590780824422836;
  0.7243202924728394, 0.3938441276550293, 0.02005832456052303, 6.176851272583008, 0.4980267286300659, 0.002196961315348744, 0.4039157032966614, 0.1376882791519165, 0.04011664912104607;
  0.6600425243377686, 0.3604147732257843, 0.03481026366353035, 3.686926603317261, 0.4998038411140442, 0.0104870991781354, 0.5081323385238647, 0.3288295269012451, 0.06362052261829376;
  1.270037293434143, 0.2694016396999359, 0.006586320698261261, 6.112821578979492, 0.2090227752923965, 0.001441597589291632, 0.4200747013092041, 0.1262598186731339, 0.03317264094948769;
  1.322958946228027, 0.2869601547718048, 0.01006669551134109, 6.127860546112061, 0.2135989814996719, 0.0019918461330235, 0.4259179830551147, 0.1399158239364624, 0.04013339057564735;
  0.6331495046615601, 0.4216302633285522, 0.01821496523916721, 1.990384459495544, 0.587489128112793, 0.001950165722519159, 0.4342989921569824, 0.1232607364654541, 0.03642993047833443;
  0.8100493550300598, 0.385968804359436, 0.01870282925665379, 0.05061911419034004, 0.4446516633033752, 0.001504603424109519, 0.374238908290863, 0.1259375810623169, 0.03740565851330757;
  1.289275050163269, 0.2691172361373901, 0.01773031800985336, 6.113976001739502, 0.2057806253433228, 0.002412631642073393, 0.4185500144958496, 0.1192109137773514, 0.05546063184738159;
  0.4031573235988617, 0.1952667832374573, 0.02652348950505257, 3.576961278915405, 0.4510444402694702, 0.004161321558058262, 0.4579940438270569, 0.1885335445404053, 0.05304697901010513;
  0.5640294551849365, 0.2475041151046753, 0.02250413410365582, 4.205475330352783, 0.4135129451751709, 0.003873448120430112, 0.4934685230255127, 0.3458081781864166, 0.04500826820731163;
  0.4284723699092865, 0.1956021338701248, 0.02500000037252903, 3.722149848937988, 0.4282548427581787, 0.003635801840573549, 0.4337226748466492, 0.1832042932510376, 0.05000000074505806;
  0.6284286975860596, 0.2753567099571228, 0.02463093027472496, 4.359046936035156, 0.4129701256752014, 0.004159582313150167, 0.4843239486217499, 0.3795133829116821, 0.04926186054944992;
  0.3507938385009766, 0.3677285015583038, 0.01976591907441616, 3.103204488754272, 0.8089625239372253, 0.00372236268594861, 0.4567561149597168, 0.2514570355415344, 0.03953183814883232;
  0.5320771336555481, 0.3276885151863098, 0.02478655055165291, 3.385753631591797, 0.5520044565200806, 0.007247764617204666, 0.4820212721824646, 0.3053770661354065, 0.04957310110330582;
  0.5293228626251221, 0.3821948170661926, 0.02882018499076366, 2.960761547088623, 0.6253684163093567, 0.00877925381064415, 0.510445237159729, 0.3223896622657776, 0.05764036998152733;
  0.4034594297409058, 0.372309148311615, 0.02794712409377098, 2.771581411361694, 0.7452656030654907, 0.003883004421368241, 0.4511650204658508, 0.2106182873249054, 0.05589424818754196;
  0.6624801158905029, 0.3261727690696716, 0.02410607039928436, 4.004579067230225, 0.4575097262859344, 0.006442710757255554, 0.4862858653068542, 0.2763455510139465, 0.04821214079856873;
  1.274420380592346, 0.2652295529842377, 0.0143017303198576, 6.106028079986572, 0.2051887959241867, 0.00133512110915035, 0.408840537071228, 0.1366775184869766, 0.02860346063971519;
  0.8535059094429016, 0.4241412281990051, 0.01553755532950163, 0.4321739077568054, 0.4611966013908386, 0.001464174129068851, 0.4310119152069092, 0.1172624528408051, 0.03107511065900326;
  1.09073805809021, 0.3339392244815826, 0.01508553978055716, 6.222316741943359, 0.2970975935459137, 0.001652465434744954, 0.4294762015342712, 0.143559455871582, 0.03017107956111431;
  0.5961682796478271, 0.2966724634170532, 0.02337699010968208, 4.110613822937012, 0.4617514908313751, 0.002444189740344882, 0.3725180327892303, 0.2393449395895004, 0.04675398021936417;
  0.6001037955284119, 0.1977642774581909, 0.02975110523402691, 4.581414699554443, 0.3183417916297913, 0.005492605734616518, 0.4773719608783722, 0.2739285230636597, 0.05950221046805382;
  0.6309143304824829, 0.3448765277862549, 0.03034102544188499, 3.83430290222168, 0.5002520084381104, 0.00880876649171114, 0.4857650697231293, 0.3097530901432037, 0.06068205088376999]
The feature dimensionality for training is now : [1 x 33]
The features are [0.004627757705748081; 0.003573685185983777; 0.007978634908795357; 0.001485566608607769; 0.001475927187129855; 0.0038669363129884; 0.003823951119557023; 0.001653751824051142; 0.004064776469022036; 0.001104988157749176; 0.005257134325802326; 0.002196961315348744; 0.0104870991781354; 0.001441597589291632; 0.0019918461330235; 0.001950165722519159; 0.001504603424109519; 0.002412631642073393; 0.004161321558058262; 0.003873448120430112; 0.003635801840573549; 0.004159582313150167; 0.00372236268594861; 0.007247764617204666; 0.00877925381064415; 0.003883004421368241; 0.006442710757255554; 0.00133512110915035; 0.001464174129068851; 0.001652465434744954; 0.002444189740344882; 0.005492605734616518; 0.00880876649171114]


Object : 2
The feature matrix dim is [9 x 33]


The feature matrix N ROWS is 33

The features are 
[0.6983990073204041, 0.2374469041824341, 0.02977376058697701, 4.427647113800049, 0.3277272582054138, 0.0003994483849965036, 0.06476610898971558, 0.1168938130140305, 0.05954752117395401;
  1.006817579269409, 0.1004225313663483, 0.02337492443621159, 5.431572437286377, 0.09941373020410538, 0.0003361575363669544, 0.09363514184951782, 0.1275082677602768, 0.04674984887242317;
  0.9608914852142334, 0.3774405121803284, 0.02936132065951824, 6.218978881835938, 0.3742862045764923, 0.0005028592422604561, 0.08102130889892578, 0.1328810155391693, 0.05872264131903648;
  1.138566493988037, 0.2648212611675262, 0.02492805011570454, 6.050217628479004, 0.2285285890102386, 0.0003717753570526838, 0.0746082067489624, 0.1176425218582153, 0.04985610023140907;
  1.151252746582031, 0.1214683353900909, 0.0172647200524807, 5.71991491317749, 0.1051207780838013, 0.000218597415369004, 0.1225053071975708, 0.1058480590581894, 0.0345294401049614;
  0.9095358848571777, 0.2440145313739777, 0.01591606438159943, 5.648715972900391, 0.2621123790740967, 0.0002658033627085388, 0.08194983005523682, 0.1280290484428406, 0.03183212876319885;
  0.7176361083984375, 0.1459217667579651, 0.02772093936800957, 4.472639560699463, 0.2006018757820129, 0.0002793949097394943, 0.06165432929992676, 0.09224351495504379, 0.05544187873601913;
  1.036940097808838, 0.2579894661903381, 0.02659927494823933, 5.877793312072754, 0.2438478171825409, 0.0003641304501798004, 0.08378404378890991, 0.1239790171384811, 0.05319854989647865;
  0.7386663556098938, 0.2396256327629089, 0.0226823203265667, 5.389496803283691, 0.3136919140815735, 0.0003393798251636326, 0.06833672523498535, 0.1172512769699097, 0.04536464065313339;
  1.180407404899597, 0.3011019825935364, 0.02392634004354477, 6.120691776275635, 0.2497570216655731, 0.0003596895840018988, 0.08081495761871338, 0.1278812140226364, 0.04785268008708954;
  0.6918224096298218, 0.2091124355792999, 0.01980401016771793, 4.747626304626465, 0.2935318052768707, 0.0003251272137276828, 0.06764489412307739, 0.1265099793672562, 0.03960802033543587;
  1.035000085830688, 0.3099723160266876, 0.02953703515231609, 6.030620574951172, 0.290988951921463, 0.0005456161452457309, 0.0700000524520874, 0.1319447010755539, 0.05907407030463219;
  1.001994132995605, 0.3580041527748108, 0.02893031015992165, 6.234255790710449, 0.3431559205055237, 0.0004050246207043529, 0.07001191377639771, 0.1000082790851593, 0.05786062031984329;
  1.151884794235229, 0.1150853782892227, 0.02303186990320683, 5.700730800628662, 0.09958002716302872, 0.0002313704317202792, 0.1037696599960327, 0.09435980021953583, 0.04606373980641365;
  1.25268542766571, 0.1008227244019508, 0.01999999955296516, 5.747413635253906, 0.08031214773654938, 0.0004232493229210377, 0.1453709602355957, 0.1460523903369904, 0.03999999910593033;
  0.9110168218612671, 0.2350349426269531, 0.02657533995807171, 5.745580196380615, 0.2524861693382263, 0.0003377440152689815, 0.07249706983566284, 0.09406986832618713, 0.05315067991614342;
  1.057579278945923, 0.2173808813095093, 0.0271120797842741, 5.845117092132568, 0.2027222365140915, 0.0003565243678167462, 0.1029181480407715, 0.118761733174324, 0.0542241595685482;
  1.162786245346069, 0.1200754344463348, 0.01775261759757996, 5.71365213394165, 0.1029005348682404, 0.000324237858876586, 0.1055724620819092, 0.1091045066714287, 0.05550523102283478;
  0.6976249814033508, 0.138588085770607, 0.02277875505387783, 4.805477142333984, 0.1961038857698441, 0.0003130018303636461, 0.07503277063369751, 0.1303761899471283, 0.04555751010775566;
  0.9203221797943115, 0.2972747683525085, 0.02274001948535442, 5.876628398895264, 0.3124324381351471, 0.0003136773884762079, 0.06464439630508423, 0.1206792593002319, 0.04548003897070885;
  0.732098400592804, 0.1228789240121841, 0.02308962494134903, 5.272549152374268, 0.1662947684526443, 0.0003415891551412642, 0.0641968846321106, 0.1201264709234238, 0.04617924988269806;
  0.9297177791595459, 0.2890948355197906, 0.02243533544242382, 5.856929779052734, 0.3014712631702423, 0.000324933382216841, 0.07733476161956787, 0.126189723610878, 0.04487067088484764;
  0.6928490400314331, 0.2510405480861664, 0.01923579536378384, 5.221927165985107, 0.3476174175739288, 0.0003187713446095586, 0.0636979341506958, 0.1300811171531677, 0.03847159072756767;
  0.8614844083786011, 0.345710426568985, 0.02775638550519943, 6.235226154327393, 0.3816232979297638, 0.0004249841149430722, 0.06615966558456421, 0.1194208264350891, 0.05551277101039886;
  0.8844135403633118, 0.433320164680481, 0.03098865412175655, 0.3597789406776428, 0.4555769264698029, 0.0004890781710855663, 0.07335150241851807, 0.1166402995586395, 0.06197730824351311;
  0.7463000416755676, 0.205707311630249, 0.02018890529870987, 5.76412296295166, 0.2689575850963593, 0.000316698889946565, 0.06460005044937134, 0.1214147210121155, 0.04037781059741974;
  1.000988125801086, 0.331688404083252, 0.02597310580313206, 6.153199672698975, 0.3199743628501892, 0.0003796305099967867, 0.05597633123397827, 0.1372478902339935, 0.05194621160626411;
  1.220641613006592, 0.1210141330957413, 0.0216987207531929, 5.814943313598633, 0.09881687164306641, 0.0002779606729745865, 0.1212834119796753, 0.1083460301160812, 0.0433974415063858;
  1.176664710044861, 0.3051562905311584, 0.02705975435674191, 6.117386817932129, 0.2537497878074646, 0.0004384995845612139, 0.07332956790924072, 0.1351574957370758, 0.05411950871348381;
  1.111849904060364, 0.1276835501194, 0.01907237991690636, 5.773639678955078, 0.1143379658460617, 0.0002740693453233689, 0.1236997842788696, 0.07517332583665848, 0.03814475983381271;
  0.9511989951133728, 0.1781455278396606, 0.02420715987682343, 5.622533321380615, 0.185140460729599, 0.0003775967052206397, 0.08839792013168335, 0.1312292665243149, 0.04841431975364685;
  0.9137187004089355, 0.2327503263950348, 0.02523821964859962, 5.842323303222656, 0.2494241744279861, 0.0004013231082353741, 0.06543755531311035, 0.1215005964040756, 0.05047643929719925;
  0.9799945950508118, 0.3458975851535797, 0.02457867935299873, 6.174203395843506, 0.3393081724643707, 0.0002707235107664019, 0.06001085042953491, 0.0917951762676239, 0.04915735870599747]
The feature dimensionality for training is now : [1 x 33]
The features are [0.0003994483849965036; 0.0003361575363669544; 0.0005028592422604561; 0.0003717753570526838; 0.000218597415369004; 0.0002658033627085388; 0.0002793949097394943; 0.0003641304501798004; 0.0003393798251636326; 0.0003596895840018988; 0.0003251272137276828; 0.0005456161452457309; 0.0004050246207043529; 0.0002313704317202792; 0.0004232493229210377; 0.0003377440152689815; 0.0003565243678167462; 0.000324237858876586; 0.0003130018303636461; 0.0003136773884762079; 0.0003415891551412642; 0.000324933382216841; 0.0003187713446095586; 0.0004249841149430722; 0.0004890781710855663; 0.000316698889946565; 0.0003796305099967867; 0.0002779606729745865; 0.0004384995845612139; 0.0002740693453233689; 0.0003775967052206397; 0.0004013231082353741; 0.0002707235107664019]

0.437052   0.574242   0.275   2.49453   0.920233   0.0183582   0.560103   0.0894311   0.47   0.396513   0.282453   0.0266127   3.34481   0.618961   0.00462776   0.464442   0.194906   0.0532254   0.698399   0.237447   0.0297738   4.42765   0.327727   0.000399448   0.0647661   0.116894   0.0595475   
0.344053   0.46387   0.300649   3.02091   0.932627   0.0221876   0.604116   0.377739   0.481298   0.51997   0.183643   0.021556   3.981   0.339505   0.00357369   0.484181   0.322686   0.0431121   1.00682   0.100423   0.0233749   5.43157   0.0994137   0.000336158   0.0936351   0.127508   0.0467498   
0.373917   0.645939   0.251215   2.40204   1.04606   0.0197141   0.621329   0.215878   0.44243   0.611091   0.334721   0.0282019   4.2056   0.501109   0.00797863   0.493265   0.301442   0.0564037   0.960891   0.377441   0.0293613   6.21898   0.374286   0.000502859   0.0810213   0.132881   0.0587226   
0.721989   0.497003   0.293459   1.32942   0.602885   0.0262689   0.550974   0.132006   0.466917   0.810298   0.133702   0.0141453   5.17826   0.16353   0.00148557   0.424188   0.144603   0.0282907   1.13857   0.264821   0.0249281   6.05022   0.228529   0.000371775   0.0746082   0.117643   0.0498561   
1.07258   0.587503   0.254241   0.582584   0.501112   0.0238149   0.42716   0.119005   0.468481   1.20822   0.270365   0.0135947   6.0589   0.220144   0.00147593   0.416444   0.153654   0.0271893   1.15125   0.121468   0.0172647   5.71991   0.105121   0.000218597   0.122505   0.105848   0.0345294   
0.342964   0.482435   0.320866   2.89634   0.952791   0.0338658   0.582331   0.46487   0.521732   0.623352   0.214885   0.0252897   4.25101   0.331968   0.00386694   0.478942   0.31737   0.0505795   0.909536   0.244015   0.0159161   5.64872   0.262112   0.000265803   0.0819498   0.128029   0.0318321   
0.417268   0.552955   0.275147   2.53891   0.924348   0.0158027   0.554024   0.06991   0.450295   0.406051   0.205968   0.0229042   3.44702   0.469429   0.00382395   0.454151   0.205937   0.0458083   0.717636   0.145922   0.0277209   4.47264   0.200602   0.000279395   0.0616543   0.0922435   0.0554419   
0.717655   0.503539   0.285837   1.82348   0.611829   0.0216056   0.543854   0.0990778   0.471673   0.794371   0.392508   0.00517967   0.239049   0.458925   0.00165375   0.435048   0.229015   0.0303593   1.03694   0.257989   0.0265993   5.87779   0.243848   0.00036413   0.083784   0.123979   0.0531985   
0.231174   0.462105   0.310291   2.93934   1.10694   0.0242752   0.54338   0.43421   0.540582   0.424731   0.273709   0.0231415   3.63567   0.572449   0.00406478   0.494765   0.383819   0.0462829   0.738666   0.239626   0.0226823   5.3895   0.313692   0.00033938   0.0683367   0.117251   0.0453646   
0.752031   0.528377   0.270196   1.46159   0.612468   0.0237895   0.534062   0.0967535   0.460392   0.878192   0.413783   0.00253477   0.270543   0.440324   0.00110499   0.413829   0.113567   0.0250695   1.18041   0.301102   0.0239263   6.12069   0.249757   0.00035969   0.080815   0.127881   0.0478527   
0.429703   0.551007   0.275   2.50948   0.908463   0.0154348   0.573406   0.0799139   0.45   0.387929   0.302146   0.0279539   3.34278   0.661723   0.00525713   0.456464   0.222292   0.0559078   0.691822   0.209112   0.019804   4.74763   0.293532   0.000325127   0.0676449   0.12651   0.039608   
0.624488   0.496612   0.30664   2.21626   0.671826   0.0184842   0.538976   0.0819967   0.473281   0.72432   0.393844   0.0200583   6.17685   0.498027   0.00219696   0.403916   0.137688   0.0401166   1.035   0.309972   0.029537   6.03062   0.290989   0.000545616   0.0700001   0.131945   0.0590741   
0.376561   0.645331   0.252946   2.41452   1.04259   0.0191197   0.603241   0.232662   0.449893   0.660043   0.360415   0.0348103   3.68693   0.499804   0.0104871   0.508132   0.32883   0.0636205   1.00199   0.358004   0.0289303   6.23426   0.343156   0.000405025   0.0700119   0.100008   0.0578606   
1.19125   0.600481   0.211172   0.558819   0.466902   0.03067   0.542663   0.174963   0.442344   1.27004   0.269402   0.00658632   6.11282   0.209023   0.0014416   0.420075   0.12626   0.0331726   1.15188   0.115085   0.0230319   5.70073   0.09958   0.00023137   0.10377   0.0943598   0.0460637   
1.21   0.580116   0.290464   0.477979   0.447061   0.0527416   0.58   0.206232   0.440929   1.32296   0.28696   0.0100667   6.12786   0.213599   0.00199185   0.425918   0.139916   0.0401334   1.25269   0.100823   0.02   5.74741   0.0803121   0.000423249   0.145371   0.146052   0.04   
0.547257   0.546033   0.31026   2.14355   0.784278   0.0206191   0.542515   0.104511   0.500521   0.63315   0.42163   0.018215   1.99038   0.587489   0.00195017   0.434299   0.123261   0.0364299   0.911017   0.235035   0.0265753   5.74558   0.252486   0.000337744   0.0724971   0.0940699   0.0531507   
0.736275   0.498264   0.29932   1.33969   0.594942   0.0217855   0.526176   0.0985287   0.518641   0.810049   0.385969   0.0187028   0.0506191   0.444652   0.0015046   0.374239   0.125938   0.0374057   1.05758   0.217381   0.0271121   5.84512   0.202722   0.000356524   0.102918   0.118762   0.0542242   
1.20042   0.589937   0.249254   0.533843   0.456777   0.0283701   0.538509   0.151873   0.458507   1.28928   0.269117   0.0177303   6.11398   0.205781   0.00241263   0.41855   0.119211   0.0554606   1.16279   0.120075   0.0177526   5.71365   0.102901   0.000324238   0.105572   0.109105   0.0555052   
0.420868   0.557651   0.275   2.4088   0.924283   0.011953   0.565737   0.053025   0.49   0.403157   0.195267   0.0265235   3.57696   0.451044   0.00416132   0.457994   0.188534   0.053047   0.697625   0.138588   0.0227788   4.80548   0.196104   0.000313002   0.0750328   0.130376   0.0455575   
0.341075   0.454203   0.297663   3.00634   0.9267   0.0288602   0.626037   0.422406   0.515325   0.564029   0.247504   0.0225041   4.20548   0.413513   0.00387345   0.493469   0.345808   0.0450083   0.920322   0.297275   0.02274   5.87663   0.312432   0.000313677   0.0646444   0.120679   0.04548   
0.481775   0.551319   0.280155   2.07304   0.852613   0.0161796   0.56555   0.108683   0.48031   0.428472   0.195602   0.025   3.72215   0.428255   0.0036358   0.433723   0.183204   0.05   0.732098   0.122879   0.0230896   5.27255   0.166295   0.000341589   0.0641969   0.120126   0.0461792   
0.35196   0.456918   0.303951   2.98065   0.914435   0.0224569   0.538951   0.467836   0.547903   0.628429   0.275357   0.0246309   4.35905   0.41297   0.00415958   0.484324   0.379513   0.0492619   0.929718   0.289095   0.0224353   5.85693   0.301471   0.000324933   0.0773348   0.12619   0.0448707   
0.455947   0.570602   0.304433   2.26459   0.896627   0.00999323   0.549895   0.0563728   0.388866   0.350794   0.367729   0.0197659   3.1032   0.808963   0.00372236   0.456756   0.251457   0.0395318   0.692849   0.251041   0.0192358   5.22193   0.347617   0.000318771   0.0636979   0.130081   0.0384716   
0.276006   0.635931   0.24864   2.49391   1.16131   0.0137039   0.572837   0.213863   0.43728   0.532077   0.327689   0.0247866   3.38575   0.552004   0.00724776   0.482021   0.305377   0.0495731   0.861484   0.34571   0.0277564   6.23523   0.381623   0.000424984   0.0661597   0.119421   0.0555128   
0.339604   0.632853   0.24486   2.4528   1.07828   0.0133311   0.543264   0.217706   0.42972   0.529323   0.382195   0.0288202   2.96076   0.625368   0.00877925   0.510445   0.32239   0.0576404   0.884414   0.43332   0.0309887   0.359779   0.455577   0.000489078   0.0733515   0.11664   0.0619773   
0.496493   0.554531   0.26024   1.83685   0.840563   0.0136148   0.550985   0.0825179   0.460479   0.403459   0.372309   0.0279471   2.77158   0.745266   0.003883   0.451165   0.210618   0.0558942   0.7463   0.205707   0.0201889   5.76412   0.268958   0.000316699   0.0646001   0.121415   0.0403778   
0.405893   0.652115   0.220823   2.37998   1.01405   0.0301488   0.641713   0.240229   0.441646   0.66248   0.326173   0.0241061   4.00458   0.45751   0.00644271   0.486286   0.276346   0.0482121   1.00099   0.331688   0.0259731   6.1532   0.319974   0.000379631   0.0559763   0.137248   0.0519462   
1.16091   0.571154   0.299436   0.476072   0.457217   0.0326524   0.510053   0.146308   0.438871   1.27442   0.26523   0.0143017   6.10603   0.205189   0.00133512   0.408841   0.136678   0.0286035   1.22064   0.121014   0.0216987   5.81494   0.0988169   0.000277961   0.121283   0.108346   0.0433974   
0.756212   0.510196   0.287832   1.52618   0.593524   0.0278269   0.582425   0.0963914   0.495664   0.853506   0.424141   0.0155376   0.432174   0.461197   0.00146417   0.431012   0.117262   0.0310751   1.17666   0.305156   0.0270598   6.11739   0.25375   0.0004385   0.0733296   0.135157   0.0541195   
1.06905   0.579693   0.252477   0.541594   0.496876   0.032083   0.594248   0.137387   0.464953   1.09074   0.333939   0.0150855   6.22232   0.297098   0.00165247   0.429476   0.143559   0.0301711   1.11185   0.127684   0.0190724   5.77364   0.114338   0.000274069   0.1237   0.0751733   0.0381448   
0.335761   0.451749   0.308471   2.98436   0.931631   0.017999   0.57157   0.397499   0.536942   0.596168   0.296672   0.023377   4.11061   0.461751   0.00244419   0.372518   0.239345   0.046754   0.951199   0.178146   0.0242072   5.62253   0.18514   0.000377597   0.0883979   0.131229   0.0484143   
0.327204   0.448657   0.35   2.88158   0.940677   0.0184945   0.527689   0.511313   0.42   0.600104   0.197764   0.0297511   4.58141   0.318342   0.00549261   0.477372   0.273929   0.0595022   0.913719   0.23275   0.0252382   5.84232   0.249424   0.000401323   0.0654376   0.121501   0.0504764   
0.367472   0.645374   0.248454   2.42498   1.05319   0.0162956   0.603278   0.220747   0.436908   0.630914   0.344877   0.030341   3.8343   0.500252   0.00880877   0.485765   0.309753   0.0606821   0.979995   0.345898   0.0245787   6.1742   0.339308   0.000270724   0.0600109   0.0917952   0.0491574   



TestFile = ./data/606-michele-24-06-13-afternoon.xml
The XML file name is: ./data/606-michele-24-06-13-afternoon.xml
The filename of the test scene is : ./data/606-michele-24-06-13-afternoon.xml


The extracted features of test object 0 are : 
[0.8589082360267639, 0.311281681060791, 0.02542809955775738, 5.634096145629883, 0.3476923108100891, 0.0005011264584027231, 0.08215874433517456, 0.1245634108781815, 0.05085619911551476]

The extracted features COLUMN of test object 0 is 
[0.0005011264584027231]

The mean matrix of current GMM model is : [0.05274156853556633; 0.02155496322721081]
The weights of current GMM model are : [0.03030303028599559, 0.9696969697140044]
   Likelihood for class 0 :  [-1.27552, 1]
The mean matrix of current GMM model is : [0.00290501795989692; 0.008191720411730781]
The weights of current GMM model are : [0.8158043254671636, 0.1841956745328363]
   Likelihood for class 1 :  [3.88639, 0]
The mean matrix of current GMM model is : [0.000335171823963524; 0.0004893479096835767]
The weights of current GMM model are : [0.8844301435381255, 0.1155698564618743]
   Likelihood for class 2 :  [6.93347, 1]


The extracted features of test object 1 are : 
[0.4774911403656006, 0.2237851023674011, 0.02437462471425533, 3.786619186401367, 0.4382698237895966, 0.004378687590360641, 0.5107006430625916, 0.346770167350769, 0.04874924942851067]

The extracted features COLUMN of test object 1 is 
[0.004378687590360641]

The mean matrix of current GMM model is : [0.05274156853556633; 0.02155496322721081]
The weights of current GMM model are : [0.03030303028599559, 0.9696969697140044]
   Likelihood for class 0 :  [0.521633, 1]
The mean matrix of current GMM model is : [0.00290501795989692; 0.008191720411730781]
The weights of current GMM model are : [0.8158043254671636, 0.1841956745328363]
   Likelihood for class 1 :  [4.89902, 0]
The mean matrix of current GMM model is : [0.000335171823963524; 0.0004893479096835767]
The weights of current GMM model are : [0.8844301435381255, 0.1155698564618743]
   Likelihood for class 2 :  [-2660.23, 0]


The extracted features of test object 2 are : 
[0.3365554213523865, 0.4624039232730865, 0.2926406860351562, 3.011770248413086, 0.9416300058364868, 0.02415435016155243, 0.6170905828475952, 0.3648078739643097, 0.5052813291549683]

The extracted features COLUMN of test object 2 is 
[0.02415435016155243]

The mean matrix of current GMM model is : [0.05274156853556633; 0.02155496322721081]
The weights of current GMM model are : [0.03030303028599559, 0.9696969697140044]
   Likelihood for class 0 :  [4.01639, 1]
The mean matrix of current GMM model is : [0.00290501795989692; 0.008191720411730781]
The weights of current GMM model are : [0.8158043254671636, 0.1841956745328363]
   Likelihood for class 1 :  [-58.5564, 1]
The mean matrix of current GMM model is : [0.000335171823963524; 0.0004893479096835767]
The weights of current GMM model are : [0.8844301435381255, 0.1155698564618743]
   Likelihood for class 2 :  [-92606.5, 0]
